00000d13
00000d93
00200193
00000093
00100113
00209663
2a301a63
00301663
fe209ee3
2a301463
00300193
00100093
00000113
00209663
28301a63
00301663
fe209ee3
28301463
00400193
fff00093
00100113
00209663
26301a63
00301663
fe209ee3
26301463
00500193
00100093
fff00113
00209663
24301a63
00301663
fe209ee3
24301463
00600193
00000093
00000113
00209463
00301463
22301863
fe209ee3
00700193
00100093
00100113
00209463
00301463
20301a63
fe209ee3
00800193
fff00093
fff00113
00209463
00301463
1e301c63
fe209ee3
00900193
00000213
00000093
00000113
1e209063
00120213
00200293
fe5216e3
00a00193
00000213
00000093
00000113
00000013
1a209e63
00120213
00200293
fe5214e3
00b00193
00000213
00000093
00000113
00000013
00000013
18209a63
00120213
00200293
fe5212e3
00c00193
00000213
00000093
00000013
00000113
16209863
00120213
00200293
fe5214e3
00d00193
00000213
00000093
00000013
00000113
00000013
14209463
00120213
00200293
fe5212e3
00e00193
00000213
00000093
00000013
00000013
00000113
12209063
00120213
00200293
fe5212e3
00f00193
00000213
00000093
00000113
10209063
00120213
00200293
fe5216e3
01000193
00000213
00000093
00000113
00000013
0c209e63
00120213
00200293
fe5214e3
01100193
00000213
00000093
00000113
00000013
00000013
0a209a63
00120213
00200293
fe5212e3
01200193
00000213
00000093
00000013
00000113
08209863
00120213
00200293
fe5214e3
01300193
00000213
00000093
00000013
00000113
00000013
06209463
00120213
00200293
fe5212e3
01400193
00000213
00000093
00000013
00000013
00000113
04209063
00120213
00200293
fe5212e3
00100093
00009a63
00108093
00108093
00108093
00108093
00108093
00108093
00300e93
01500193
01d09463
00301863
00100d13
00000d93
0000006f
00100d13
00100d93
0000006f
00000000
00000000
00000000
00000000
00000000
00000000
00000000
00000000
00000000
00000000
00000000
00000000
00000000
00000000
00000000
00000000
00000000
00000000
00000000
00000000
00000000
00000000
00000000
00000000
00000000
00000000
00000000
00000000
00000000
00000000
00000000
00000000
00000000
00000000
00000000
00000000
00000000
00000000
00000000
00000000
00000000
