00000d13
00000d93
00200193
00000293
00000317
01030313
000302e7
0c00006f
00000317
ffc30313
0a629a63
00400193
00000213
00000317
01030313
000309e7
08301e63
00120213
00200293
fe5214e3
00500193
00000213
00000317
01430313
00000013
000309e7
06301a63
00120213
00200293
fe5212e3
00600193
00000213
00000317
01830313
00000013
00000013
000309e7
04301463
00120213
00200293
fe5210e3
00100293
00000317
01c30313
ffc30067
00128293
00128293
00128293
00128293
00128293
00128293
00400e93
00700193
01d29463
00301863
00100d13
00000d93
0000006f
00100d13
00100d93
0000006f
00000000
00000000
00000000
00000000
00000000
00000000
00000000
00000000
00000000
00000000
00000000
00000000
00000000
00000000
00000000
00000000
00000000
00000000
00000000
00000000
00000000
00000000
00000000
00000000
00000000
00000000
00000000
00000000
00000000
00000000
00000000
00000000
00000000
00000000
00000000
00000000
00000000
