00000d13
00000d93
00001097
ff808093
0aa00113
00209023
00009f03
0aa00e93
00200193
45df1e63
00001097
fd808093
ffffb137
a001011b
00209123
00209f03
ffffbeb7
a00e8e9b
00300193
43df1a63
00001097
fb008093
beef1137
aa01011b
00209223
0040af03
beef1eb7
aa0e8e9b
00400193
41df1663
00001097
f8808093
ffffa137
00a1011b
00209323
00609f03
ffffaeb7
00ae8e9b
00500193
3fdf1263
00001097
f6e08093
0aa00113
fe209d23
ffa09f03
0aa00e93
00600193
3ddf1263
00001097
f4e08093
ffffb137
a001011b
fe209e23
ffc09f03
ffffbeb7
a00e8e9b
00700193
39df1e63
00001097
f2608093
00001137
aa01011b
fe209f23
ffe09f03
00001eb7
aa0e8e9b
00800193
37df1a63
00001097
efe08093
ffffa137
00a1011b
00209023
00009f03
ffffaeb7
00ae8e9b
00900193
35df1663
00001097
ed808093
12345137
6781011b
fe008213
02221023
00009283
00005eb7
678e8e9b
00a00193
33d29063
00001097
eac08093
00003137
0981011b
ffb08093
002093a3
00001217
e9620213
00021283
00003eb7
098e8e9b
00b00193
2fd29663
00c00193
00000213
ffffd0b7
cdd0809b
00001117
e5810113
00111023
00011f03
ffffdeb7
cdde8e9b
2ddf1063
00120213
00200293
fc521ae3
00d00193
00000213
ffffc0b7
ccd0809b
00001117
e2010113
00000013
00111123
00211f03
ffffceb7
ccde8e9b
29df1263
00120213
00200293
fc5218e3
00e00193
00000213
ffffc0b7
bcc0809b
00001117
de410113
00000013
00000013
00111223
00411f03
ffffceb7
bcce8e9b
25df1263
00120213
00200293
fc5216e3
00f00193
00000213
ffffb0b7
bbc0809b
00000013
00001117
da010113
00111323
00611f03
ffffbeb7
bbce8e9b
21df1463
00120213
00200293
fc5218e3
01000193
00000213
ffffb0b7
abb0809b
00000013
00001117
d6410113
00000013
00111423
00811f03
ffffbeb7
abbe8e9b
1ddf1463
00120213
00200293
fc5216e3
01100193
00000213
ffffe0b7
aab0809b
00000013
00000013
00001117
d2010113
00111523
00a11f03
ffffeeb7
aabe8e9b
19df1463
00120213
00200293
fc5216e3
01200193
00000213
00001117
cf010113
000020b7
2330809b
00111023
00011f03
00002eb7
233e8e9b
15df1863
00120213
00200293
fc521ae3
01300193
00000213
00001117
cb810113
000010b7
2230809b
00000013
00111123
00211f03
00001eb7
223e8e9b
11df1a63
00120213
00200293
fc5218e3
01400193
00000213
00001117
c7c10113
000010b7
1220809b
00000013
00000013
00111223
00411f03
00001eb7
122e8e9b
0ddf1a63
00120213
00200293
fc5216e3
01500193
00000213
00001117
c3c10113
00000013
11200093
00111323
00611f03
11200e93
0bdf1063
00120213
00200293
fc521ce3
01600193
00000213
00001117
c0810113
00000013
01100093
00000013
00111423
00811f03
01100e93
07df1463
00120213
00200293
fc521ae3
01700193
00000213
00001117
bd010113
00000013
00000013
000030b7
0010809b
00111523
00a11f03
00003eb7
001e8e9b
03df1463
00120213
00200293
fc5216e3
0000c537
eef5051b
00001597
b9058593
00a59323
00301863
00100d13
00000d93
0000006f
00100d13
00100d93
0000006f
00000000
00000000
00000000
00000000
00000000
00000000
00000000
00000000
00000000
00000000
00000000
00000000
00000000
00000000
00000000
00000000
00000000
00000000
00000000
00000000
00000000
00000000
00000000
00000000
00000000
00000000
00000000
00000000
00000000
00000000
00000000
00000000
00000000
00000000
00000000
00000000
00000000
00000000
00000000
00000000
00000000
00000000
00000000
00000000
00000000
00000000
00000000
00000000
00000000
00000000
00000000
00000000
00000000
00000000
00000000
00000000
00000000
00000000
00000000
00000000
00000000
00000000
00000000
00000000
00000000
00000000
00000000
00000000
00000000
00000000
00000000
00000000
00000000
00000000
00000000
00000000
00000000
00000000
00000000
00000000
00000000
00000000
00000000
00000000
00000000
00000000
00000000
00000000
00000000
00000000
00000000
00000000
00000000
00000000
00000000
00000000
00000000
00000000
00000000
00000000
00000000
00000000
00000000
00000000
00000000
00000000
00000000
00000000
00000000
00000000
00000000
00000000
00000000
00000000
00000000
00000000
00000000
00000000
00000000
00000000
00000000
00000000
00000000
00000000
00000000
00000000
00000000
00000000
00000000
00000000
00000000
00000000
00000000
00000000
00000000
00000000
00000000
00000000
00000000
00000000
00000000
00000000
00000000
00000000
00000000
00000000
00000000
00000000
00000000
00000000
00000000
00000000
00000000
00000000
00000000
00000000
00000000
00000000
00000000
00000000
00000000
00000000
00000000
00000000
00000000
00000000
00000000
00000000
00000000
00000000
00000000
00000000
00000000
00000000
00000000
00000000
00000000
00000000
00000000
00000000
00000000
00000000
00000000
00000000
00000000
00000000
00000000
00000000
00000000
00000000
00000000
00000000
00000000
00000000
00000000
00000000
00000000
00000000
00000000
00000000
00000000
00000000
00000000
00000000
00000000
00000000
00000000
00000000
00000000
00000000
00000000
00000000
00000000
00000000
00000000
00000000
00000000
00000000
00000000
00000000
00000000
00000000
00000000
00000000
00000000
00000000
00000000
00000000
00000000
00000000
00000000
00000000
00000000
00000000
00000000
00000000
00000000
00000000
00000000
00000000
00000000
00000000
00000000
00000000
00000000
00000000
00000000
00000000
00000000
00000000
00000000
00000000
00000000
00000000
00000000
00000000
00000000
00000000
00000000
00000000
00000000
00000000
00000000
00000000
00000000
00000000
00000000
00000000
00000000
00000000
00000000
00000000
00000000
00000000
00000000
00000000
00000000
00000000
00000000
00000000
00000000
00000000
00000000
00000000
00000000
00000000
00000000
00000000
00000000
00000000
00000000
00000000
00000000
00000000
00000000
00000000
00000000
00000000
00000000
00000000
00000000
00000000
00000000
00000000
00000000
00000000
00000000
00000000
00000000
00000000
00000000
00000000
00000000
00000000
00000000
00000000
00000000
00000000
00000000
00000000
00000000
00000000
00000000
00000000
00000000
00000000
00000000
00000000
00000000
00000000
00000000
00000000
00000000
00000000
00000000
00000000
00000000
00000000
00000000
00000000
00000000
00000000
00000000
00000000
00000000
00000000
00000000
00000000
00000000
00000000
00000000
00000000
00000000
00000000
00000000
00000000
00000000
00000000
00000000
00000000
00000000
00000000
00000000
00000000
00000000
00000000
00000000
00000000
00000000
00000000
00000000
00000000
00000000
00000000
00000000
00000000
00000000
00000000
00000000
00000000
00000000
00000000
00000000
00000000
00000000
00000000
00000000
00000000
00000000
00000000
00000000
00000000
00000000
00000000
00000000
00000000
00000000
00000000
00000000
00000000
00000000
00000000
00000000
00000000
00000000
00000000
00000000
00000000
00000000
00000000
00000000
00000000
00000000
00000000
00000000
00000000
00000000
00000000
00000000
00000000
00000000
00000000
00000000
00000000
00000000
00000000
00000000
00000000
00000000
00000000
00000000
00000000
00000000
00000000
00000000
00000000
00000000
00000000
00000000
00000000
00000000
00000000
00000000
00000000
00000000
00000000
00000000
00000000
00000000
00000000
00000000
00000000
00000000
00000000
00000000
00000000
00000000
00000000
00000000
00000000
00000000
00000000
00000000
00000000
00000000
00000000
00000000
00000000
00000000
00000000
00000000
00000000
00000000
00000000
00000000
00000000
00000000
00000000
00000000
00000000
00000000
00000000
00000000
00000000
00000000
00000000
00000000
00000000
00000000
00000000
00000000
00000000
00000000
00000000
00000000
00000000
00000000
00000000
00000000
00000000
00000000
00000000
00000000
00000000
00000000
00000000
00000000
00000000
00000000
00000000
00000000
00000000
00000000
00000000
00000000
00000000
00000000
00000000
00000000
00000000
00000000
00000000
00000000
00000000
00000000
00000000
00000000
00000000
00000000
00000000
00000000
00000000
00000000
00000000
00000000
00000000
00000000
00000000
00000000
00000000
00000000
00000000
00000000
00000000
00000000
00000000
00000000
00000000
00000000
00000000
00000000
00000000
00000000
00000000
00000000
00000000
00000000
00000000
00000000
00000000
00000000
00000000
00000000
00000000
00000000
00000000
00000000
00000000
00000000
00000000
00000000
00000000
00000000
00000000
00000000
00000000
00000000
00000000
00000000
00000000
00000000
00000000
00000000
00000000
00000000
00000000
00000000
00000000
00000000
00000000
00000000
00000000
00000000
00000000
00000000
00000000
00000000
00000000
00000000
00000000
00000000
00000000
00000000
00000000
00000000
00000000
00000000
00000000
00000000
00000000
00000000
00000000
00000000
00000000
00000000
00000000
00000000
00000000
00000000
00000000
00000000
00000000
00000000
00000000
00000000
00000000
00000000
00000000
00000000
00000000
00000000
00000000
00000000
00000000
00000000
00000000
00000000
00000000
00000000
00000000
00000000
00000000
00000000
00000000
00000000
00000000
00000000
00000000
00000000
00000000
00000000
00000000
00000000
00000000
00000000
00000000
00000000
00000000
00000000
00000000
00000000
00000000
00000000
00000000
00000000
00000000
00000000
00000000
00000000
00000000
00000000
00000000
00000000
00000000
00000000
00000000
00000000
00000000
00000000
00000000
00000000
00000000
00000000
00000000
00000000
00000000
00000000
00000000
00000000
00000000
00000000
00000000
00000000
00000000
00000000
00000000
00000000
00000000
00000000
00000000
00000000
00000000
00000000
00000000
00000000
00000000
00000000
00000000
00000000
00000000
00000000
00000000
00000000
00000000
00000000
00000000
00000000
00000000
00000000
00000000
00000000
00000000
00000000
00000000
00000000
00000000
00000000
00000000
00000000
00000000
beefbeef
beefbeef
beefbeef
beefbeef
beefbeef
00000000
00000000
00000000
00000000
00000000
00000000
00000000
00000000
00000000
00000000
00000000
00000000
00000000
00000000
00000000
00000000
00000000
00000000
00000000
00000000
00000000
00000000
00000000
00000000
00000000
00000000
00000000
00000000
00000000
