00000d13
00000d93
00200193
00000093
00000113
0020d663
30301863
00301663
fe20dee3
30301263
00300193
00100093
00100113
0020d663
2e301863
00301663
fe20dee3
2e301263
00400193
fff00093
fff00113
0020d663
2c301863
00301663
fe20dee3
2c301263
00500193
00100093
00000113
0020d663
2a301863
00301663
fe20dee3
2a301263
00600193
00100093
fff00113
0020d663
28301863
00301663
fe20dee3
28301263
00700193
fff00093
ffe00113
0020d663
26301863
00301663
fe20dee3
26301263
00800193
00000093
00100113
0020d463
00301463
24301663
fe20dee3
00900193
fff00093
00100113
0020d463
00301463
22301863
fe20dee3
00a00193
ffe00093
fff00113
0020d463
00301463
20301a63
fe20dee3
00b00193
ffe00093
00100113
0020d463
00301463
1e301c63
fe20dee3
00c00193
00000213
fff00093
00000113
1e20d063
00120213
00200293
fe5216e3
00d00193
00000213
fff00093
00000113
00000013
1a20de63
00120213
00200293
fe5214e3
00e00193
00000213
fff00093
00000113
00000013
00000013
1820da63
00120213
00200293
fe5212e3
00f00193
00000213
fff00093
00000013
00000113
1620d863
00120213
00200293
fe5214e3
01000193
00000213
fff00093
00000013
00000113
00000013
1420d463
00120213
00200293
fe5212e3
01100193
00000213
fff00093
00000013
00000013
00000113
1220d063
00120213
00200293
fe5212e3
01200193
00000213
fff00093
00000113
1020d063
00120213
00200293
fe5216e3
01300193
00000213
fff00093
00000113
00000013
0c20de63
00120213
00200293
fe5214e3
01400193
00000213
fff00093
00000113
00000013
00000013
0a20da63
00120213
00200293
fe5212e3
01500193
00000213
fff00093
00000013
00000113
0820d863
00120213
00200293
fe5214e3
01600193
00000213
fff00093
00000013
00000113
00000013
0620d463
00120213
00200293
fe5212e3
01700193
00000213
fff00093
00000013
00000013
00000113
0420d063
00120213
00200293
fe5212e3
00100093
0000da63
00108093
00108093
00108093
00108093
00108093
00108093
00300e93
01800193
01d09463
00301863
00100d13
00000d93
0000006f
00100d13
00100d93
0000006f
00000000
00000000
00000000
00000000
00000000
00000000
00000000
00000000
00000000
00000000
00000000
00000000
00000000
00000000
00000000
00000000
00000000
00000000
00000000
00000000
00000000
00000000
00000000
00000000
00000000
00000000
00000000
00000000
00000000
00000000
00000000
00000000
00000000
00000000
