00000d13
00000d93
00001097
ff808093
0000bf03
00ff0eb7
0ffe8e9b
010e9e93
0ffe8e93
010e9e93
0ffe8e93
00200193
3bdf1263
00001097
fcc08093
0080bf03
ff010eb7
f01e8e9b
010e9e93
f01e8e93
010e9e93
f00e8e93
00300193
37df1c63
00001097
fa008093
0100bf03
00010eb7
f01e8e9b
010e9e93
f01e8e93
010e9e93
f01e8e93
00ce9e93
ff0e8e93
00400193
35df1263
00001097
f6c08093
0180bf03
ffff0eb7
0ffe8e9b
010e9e93
0ffe8e93
010e9e93
0ffe8e93
00ce9e93
00fe8e93
00500193
31df1863
00001097
f5008093
fe80bf03
00ff0eb7
0ffe8e9b
010e9e93
0ffe8e93
010e9e93
0ffe8e93
00600193
2fdf1263
00001097
f2408093
ff00bf03
ff010eb7
f01e8e9b
010e9e93
f01e8e93
010e9e93
f00e8e93
00700193
2bdf1c63
00001097
ef808093
ff80bf03
00010eb7
f01e8e9b
010e9e93
f01e8e93
010e9e93
f01e8e93
00ce9e93
ff0e8e93
00800193
29df1263
00001097
ec408093
0000bf03
ffff0eb7
0ffe8e9b
010e9e93
0ffe8e93
010e9e93
0ffe8e93
00ce9e93
00fe8e93
00900193
25df1863
00001097
e7808093
fe008093
0200b283
00ff0eb7
0ffe8e9b
010e9e93
0ffe8e93
010e9e93
0ffe8e93
00a00193
23d29063
00001097
e4808093
ffd08093
00b0b283
ff010eb7
f01e8e9b
010e9e93
f01e8e93
010e9e93
f00e8e93
00b00193
1fd29863
00c00193
00000213
00001097
e1808093
0080bf03
000f0313
00010eb7
f01e8e9b
010e9e93
f01e8e93
010e9e93
f01e8e93
00ce9e93
ff0e8e93
1bd31a63
00120213
00200293
fc5212e3
00d00193
00000213
00001097
dd808093
0080bf03
00000013
000f0313
ffff0eb7
0ffe8e9b
010e9e93
0ffe8e93
010e9e93
0ffe8e93
00ce9e93
00fe8e93
17d31463
00120213
00200293
fc5210e3
00e00193
00000213
00001097
d7c08093
0080bf03
00000013
00000013
000f0313
ff010eb7
f01e8e9b
010e9e93
f01e8e93
010e9e93
f00e8e93
13d31063
00120213
00200293
fc5212e3
00f00193
00000213
00001097
d3c08093
0080bf03
00010eb7
f01e8e9b
010e9e93
f01e8e93
010e9e93
f01e8e93
00ce9e93
ff0e8e93
0ddf1e63
00120213
00200293
fc5214e3
01000193
00000213
00001097
d0008093
00000013
0080bf03
ffff0eb7
0ffe8e9b
010e9e93
0ffe8e93
010e9e93
0ffe8e93
00ce9e93
00fe8e93
09df1a63
00120213
00200293
fc5212e3
01100193
00000213
00001097
ca808093
00000013
00000013
0080bf03
ff010eb7
f01e8e9b
010e9e93
f01e8e93
010e9e93
f00e8e93
05df1863
00120213
00200293
fc5214e3
00001297
c6c28293
0002b103
00200113
00200e93
01200193
03d11463
00001297
c5028293
0002b103
00000013
00200113
00200e93
01300193
01d11463
00301863
00100d13
00000d93
0000006f
00100d13
00100d93
0000006f
00000000
00000000
00000000
00000000
00000000
00000000
00000000
00000000
00000000
00000000
00000000
00000000
00000000
00000000
00000000
00000000
00000000
00000000
00000000
00000000
00000000
00000000
00000000
00000000
00000000
00000000
00000000
00000000
00000000
00000000
00000000
00000000
00000000
00000000
00000000
00000000
00000000
00000000
00000000
00000000
00000000
00000000
00000000
00000000
00000000
00000000
00000000
00000000
00000000
00000000
00000000
00000000
00000000
00000000
00000000
00000000
00000000
00000000
00000000
00000000
00000000
00000000
00000000
00000000
00000000
00000000
00000000
00000000
00000000
00000000
00000000
00000000
00000000
00000000
00000000
00000000
00000000
00000000
00000000
00000000
00000000
00000000
00000000
00000000
00000000
00000000
00000000
00000000
00000000
00000000
00000000
00000000
00000000
00000000
00000000
00000000
00000000
00000000
00000000
00000000
00000000
00000000
00000000
00000000
00000000
00000000
00000000
00000000
00000000
00000000
00000000
00000000
00000000
00000000
00000000
00000000
00000000
00000000
00000000
00000000
00000000
00000000
00000000
00000000
00000000
00000000
00000000
00000000
00000000
00000000
00000000
00000000
00000000
00000000
00000000
00000000
00000000
00000000
00000000
00000000
00000000
00000000
00000000
00000000
00000000
00000000
00000000
00000000
00000000
00000000
00000000
00000000
00000000
00000000
00000000
00000000
00000000
00000000
00000000
00000000
00000000
00000000
00000000
00000000
00000000
00000000
00000000
00000000
00000000
00000000
00000000
00000000
00000000
00000000
00000000
00000000
00000000
00000000
00000000
00000000
00000000
00000000
00000000
00000000
00000000
00000000
00000000
00000000
00000000
00000000
00000000
00000000
00000000
00000000
00000000
00000000
00000000
00000000
00000000
00000000
00000000
00000000
00000000
00000000
00000000
00000000
00000000
00000000
00000000
00000000
00000000
00000000
00000000
00000000
00000000
00000000
00000000
00000000
00000000
00000000
00000000
00000000
00000000
00000000
00000000
00000000
00000000
00000000
00000000
00000000
00000000
00000000
00000000
00000000
00000000
00000000
00000000
00000000
00000000
00000000
00000000
00000000
00000000
00000000
00000000
00000000
00000000
00000000
00000000
00000000
00000000
00000000
00000000
00000000
00000000
00000000
00000000
00000000
00000000
00000000
00000000
00000000
00000000
00000000
00000000
00000000
00000000
00000000
00000000
00000000
00000000
00000000
00000000
00000000
00000000
00000000
00000000
00000000
00000000
00000000
00000000
00000000
00000000
00000000
00000000
00000000
00000000
00000000
00000000
00000000
00000000
00000000
00000000
00000000
00000000
00000000
00000000
00000000
00000000
00000000
00000000
00000000
00000000
00000000
00000000
00000000
00000000
00000000
00000000
00000000
00000000
00000000
00000000
00000000
00000000
00000000
00000000
00000000
00000000
00000000
00000000
00000000
00000000
00000000
00000000
00000000
00000000
00000000
00000000
00000000
00000000
00000000
00000000
00000000
00000000
00000000
00000000
00000000
00000000
00000000
00000000
00000000
00000000
00000000
00000000
00000000
00000000
00000000
00000000
00000000
00000000
00000000
00000000
00000000
00000000
00000000
00000000
00000000
00000000
00000000
00000000
00000000
00000000
00000000
00000000
00000000
00000000
00000000
00000000
00000000
00000000
00000000
00000000
00000000
00000000
00000000
00000000
00000000
00000000
00000000
00000000
00000000
00000000
00000000
00000000
00000000
00000000
00000000
00000000
00000000
00000000
00000000
00000000
00000000
00000000
00000000
00000000
00000000
00000000
00000000
00000000
00000000
00000000
00000000
00000000
00000000
00000000
00000000
00000000
00000000
00000000
00000000
00000000
00000000
00000000
00000000
00000000
00000000
00000000
00000000
00000000
00000000
00000000
00000000
00000000
00000000
00000000
00000000
00000000
00000000
00000000
00000000
00000000
00000000
00000000
00000000
00000000
00000000
00000000
00000000
00000000
00000000
00000000
00000000
00000000
00000000
00000000
00000000
00000000
00000000
00000000
00000000
00000000
00000000
00000000
00000000
00000000
00000000
00000000
00000000
00000000
00000000
00000000
00000000
00000000
00000000
00000000
00000000
00000000
00000000
00000000
00000000
00000000
00000000
00000000
00000000
00000000
00000000
00000000
00000000
00000000
00000000
00000000
00000000
00000000
00000000
00000000
00000000
00000000
00000000
00000000
00000000
00000000
00000000
00000000
00000000
00000000
00000000
00000000
00000000
00000000
00000000
00000000
00000000
00000000
00000000
00000000
00000000
00000000
00000000
00000000
00000000
00000000
00000000
00000000
00000000
00000000
00000000
00000000
00000000
00000000
00000000
00000000
00000000
00000000
00000000
00000000
00000000
00000000
00000000
00000000
00000000
00000000
00000000
00000000
00000000
00000000
00000000
00000000
00000000
00000000
00000000
00000000
00000000
00000000
00000000
00000000
00000000
00000000
00000000
00000000
00000000
00000000
00000000
00000000
00000000
00000000
00000000
00000000
00000000
00000000
00000000
00000000
00000000
00000000
00000000
00000000
00000000
00000000
00000000
00000000
00000000
00000000
00000000
00000000
00000000
00000000
00000000
00000000
00000000
00000000
00000000
00000000
00000000
00000000
00000000
00000000
00000000
00000000
00000000
00000000
00000000
00000000
00000000
00000000
00000000
00000000
00000000
00000000
00000000
00000000
00000000
00000000
00000000
00000000
00000000
00000000
00000000
00000000
00000000
00000000
00000000
00000000
00000000
00000000
00000000
00000000
00000000
00000000
00000000
00000000
00000000
00000000
00000000
00000000
00000000
00000000
00000000
00000000
00000000
00000000
00000000
00000000
00000000
00000000
00000000
00000000
00000000
00000000
00000000
00000000
00000000
00000000
00000000
00000000
00000000
00000000
00000000
00000000
00000000
00000000
00000000
00000000
00000000
00000000
00000000
00000000
00000000
00000000
00000000
00000000
00000000
00000000
00000000
00000000
00000000
00000000
00000000
00000000
00000000
00000000
00000000
00000000
00000000
00000000
00000000
00000000
00000000
00000000
00000000
00000000
00000000
00000000
00000000
00000000
00000000
00000000
00000000
00000000
00000000
00000000
00000000
00000000
00000000
00000000
00000000
00000000
00000000
00000000
00000000
00000000
00000000
00000000
00000000
00000000
00000000
00000000
00000000
00000000
00000000
00000000
00000000
00000000
00000000
00000000
00000000
00000000
00000000
00000000
00000000
00000000
00000000
00000000
00000000
00000000
00000000
00000000
00000000
00000000
00000000
00000000
00000000
00000000
00000000
00000000
00000000
00000000
00000000
00000000
00000000
00000000
00000000
00000000
00000000
00000000
00000000
00000000
00000000
00000000
00000000
00000000
00000000
00000000
00000000
00000000
00000000
00000000
00000000
00000000
00000000
00000000
00000000
00000000
00000000
00000000
00000000
00000000
00000000
00000000
00000000
00000000
00000000
00000000
00ff00ff
00ff00ff
ff00ff00
ff00ff00
0ff00ff0
0ff00ff0
f00ff00f
f00ff00f
00000000
00000000
00000000
00000000
00000000
00000000
00000000
00000000
00000000
00000000
00000000
00000000
00000000
00000000
00000000
00000000
00000000
00000000
00000000
00000000
00000000
00000000
00000000
00000000
00000000
00000000
