00000d13
00000d93
00200193
00000093
00000113
00208663
2a301863
00301663
fe208ee3
2a301263
00300193
00100093
00100113
00208663
28301863
00301663
fe208ee3
28301263
00400193
fff00093
fff00113
00208663
26301863
00301663
fe208ee3
26301263
00500193
00000093
00100113
00208463
00301463
24301663
fe208ee3
00600193
00100093
00000113
00208463
00301463
22301863
fe208ee3
00700193
fff00093
00100113
00208463
00301463
20301a63
fe208ee3
00800193
00100093
fff00113
00208463
00301463
1e301c63
fe208ee3
00900193
00000213
00000093
fff00113
1e208063
00120213
00200293
fe5216e3
00a00193
00000213
00000093
fff00113
00000013
1a208e63
00120213
00200293
fe5214e3
00b00193
00000213
00000093
fff00113
00000013
00000013
18208a63
00120213
00200293
fe5212e3
00c00193
00000213
00000093
00000013
fff00113
16208863
00120213
00200293
fe5214e3
00d00193
00000213
00000093
00000013
fff00113
00000013
14208463
00120213
00200293
fe5212e3
00e00193
00000213
00000093
00000013
00000013
fff00113
12208063
00120213
00200293
fe5212e3
00f00193
00000213
00000093
fff00113
10208063
00120213
00200293
fe5216e3
01000193
00000213
00000093
fff00113
00000013
0c208e63
00120213
00200293
fe5214e3
01100193
00000213
00000093
fff00113
00000013
00000013
0a208a63
00120213
00200293
fe5212e3
01200193
00000213
00000093
00000013
fff00113
08208863
00120213
00200293
fe5214e3
01300193
00000213
00000093
00000013
fff00113
00000013
06208463
00120213
00200293
fe5212e3
01400193
00000213
00000093
00000013
00000013
fff00113
04208063
00120213
00200293
fe5212e3
00100093
00000a63
00108093
00108093
00108093
00108093
00108093
00108093
00300e93
01500193
01d09463
00301863
00100d13
00000d93
0000006f
00100d13
00100d93
0000006f
00000000
00000000
00000000
00000000
00000000
00000000
00000000
00000000
00000000
00000000
00000000
00000000
00000000
00000000
00000000
00000000
00000000
00000000
00000000
00000000
00000000
00000000
00000000
00000000
00000000
00000000
00000000
00000000
00000000
00000000
00000000
00000000
00000000
00000000
00000000
00000000
00000000
00000000
00000000
00000000
00000000
00000000
