00000d13
00000d93
000000b7
00000e93
00200193
05d09a63
fffff0b7
4010d093
80000e93
00300193
05d09063
7ffff0b7
4140d093
7ff00e93
00400193
03d09663
800000b7
4140d093
80000e93
00500193
01d09c63
80000037
00000e93
00600193
01d01463
00301863
00100d13
00000d93
0000006f
00100d13
00100d93
0000006f
00000000
00000000
00000000
00000000
00000000
00000000
00000000
00000000
00000000
00000000
00000000
00000000
00000000
00000000
00000000
00000000
00000000
00000000
00000000
00000000
00000000
00000000
00000000
00000000
00000000
00000000
00000000
00000000
00000000
00000000
00000000
00000000
00000000
00000000
