00000d13
00000d93
00001097
ff808093
00aa0137
0aa1011b
0020a023
0000af03
00aa0eb7
0aae8e9b
00200193
47df1063
00001097
fd008093
aa00b137
a001011b
0020a223
0040af03
aa00beb7
a00e8e9b
00300193
43df1c63
00001097
fa808093
0aa01137
aa01011b
0020a423
0080af03
0aa01eb7
aa0e8e9b
00400193
41df1863
00001097
f8008093
a00aa137
00a1011b
0020a623
00c0af03
a00aaeb7
00ae8e9b
00500193
3fdf1463
00001097
f7408093
00aa0137
0aa1011b
fe20aa23
ff40af03
00aa0eb7
0aae8e9b
00600193
3ddf1063
00001097
f4c08093
aa00b137
a001011b
fe20ac23
ff80af03
aa00beb7
a00e8e9b
00700193
39df1c63
00001097
f2408093
0aa01137
aa01011b
fe20ae23
ffc0af03
0aa01eb7
aa0e8e9b
00800193
37df1863
00001097
efc08093
a00aa137
00a1011b
0020a023
0000af03
a00aaeb7
00ae8e9b
00900193
35df1463
00001097
ed808093
12345137
6781011b
fe008213
02222023
0000a283
12345eb7
678e8e9b
00a00193
31d29e63
00001097
eac08093
58213137
0981011b
ffd08093
0020a3a3
00001217
e9820213
00022283
58213eb7
098e8e9b
00b00193
2fd29463
00c00193
00000213
aabbd0b7
cdd0809b
00001117
e4810113
00112023
00012f03
aabbdeb7
cdde8e9b
2bdf1e63
00120213
00200293
fc521ae3
00d00193
00000213
daabc0b7
ccd0809b
00001117
e1010113
00000013
00112223
00412f03
daabceb7
ccde8e9b
29df1063
00120213
00200293
fc5218e3
00e00193
00000213
ddaac0b7
bcc0809b
00001117
dd410113
00000013
00000013
00112423
00812f03
ddaaceb7
bcce8e9b
25df1063
00120213
00200293
fc5216e3
00f00193
00000213
cddab0b7
bbc0809b
00000013
00001117
d9010113
00112623
00c12f03
cddabeb7
bbce8e9b
21df1263
00120213
00200293
fc5218e3
01000193
00000213
ccddb0b7
abb0809b
00000013
00001117
d5410113
00000013
00112823
01012f03
ccddbeb7
abbe8e9b
1ddf1263
00120213
00200293
fc5216e3
01100193
00000213
bccde0b7
aab0809b
00000013
00000013
00001117
d1010113
00112a23
01412f03
bccdeeb7
aabe8e9b
19df1263
00120213
00200293
fc5216e3
01200193
00000213
00001117
ce010113
001120b7
2330809b
00112023
00012f03
00112eb7
233e8e9b
15df1663
00120213
00200293
fc521ae3
01300193
00000213
00001117
ca810113
300110b7
2230809b
00000013
00112223
00412f03
30011eb7
223e8e9b
11df1863
00120213
00200293
fc5218e3
01400193
00000213
00001117
c6c10113
330010b7
1220809b
00000013
00000013
00112423
00812f03
33001eb7
122e8e9b
0ddf1863
00120213
00200293
fc5216e3
01500193
00000213
00001117
c2c10113
00000013
233000b7
1120809b
00112623
00c12f03
23300eb7
112e8e9b
09df1a63
00120213
00200293
fc5218e3
01600193
00000213
00001117
bf010113
00000013
223300b7
0110809b
00000013
00112823
01012f03
22330eb7
011e8e9b
05df1a63
00120213
00200293
fc5216e3
01700193
00000213
00001117
bb010113
00000013
00000013
122330b7
0010809b
00112a23
01412f03
12233eb7
001e8e9b
01df1a63
00120213
00200293
fc5216e3
00301863
00100d13
00000d93
0000006f
00100d13
00100d93
0000006f
00000000
00000000
00000000
00000000
00000000
00000000
00000000
00000000
00000000
00000000
00000000
00000000
00000000
00000000
00000000
00000000
00000000
00000000
00000000
00000000
00000000
00000000
00000000
00000000
00000000
00000000
00000000
00000000
00000000
00000000
00000000
00000000
00000000
00000000
00000000
00000000
00000000
00000000
00000000
00000000
00000000
00000000
00000000
00000000
00000000
00000000
00000000
00000000
00000000
00000000
00000000
00000000
00000000
00000000
00000000
00000000
00000000
00000000
00000000
00000000
00000000
00000000
00000000
00000000
00000000
00000000
00000000
00000000
00000000
00000000
00000000
00000000
00000000
00000000
00000000
00000000
00000000
00000000
00000000
00000000
00000000
00000000
00000000
00000000
00000000
00000000
00000000
00000000
00000000
00000000
00000000
00000000
00000000
00000000
00000000
00000000
00000000
00000000
00000000
00000000
00000000
00000000
00000000
00000000
00000000
00000000
00000000
00000000
00000000
00000000
00000000
00000000
00000000
00000000
00000000
00000000
00000000
00000000
00000000
00000000
00000000
00000000
00000000
00000000
00000000
00000000
00000000
00000000
00000000
00000000
00000000
00000000
00000000
00000000
00000000
00000000
00000000
00000000
00000000
00000000
00000000
00000000
00000000
00000000
00000000
00000000
00000000
00000000
00000000
00000000
00000000
00000000
00000000
00000000
00000000
00000000
00000000
00000000
00000000
00000000
00000000
00000000
00000000
00000000
00000000
00000000
00000000
00000000
00000000
00000000
00000000
00000000
00000000
00000000
00000000
00000000
00000000
00000000
00000000
00000000
00000000
00000000
00000000
00000000
00000000
00000000
00000000
00000000
00000000
00000000
00000000
00000000
00000000
00000000
00000000
00000000
00000000
00000000
00000000
00000000
00000000
00000000
00000000
00000000
00000000
00000000
00000000
00000000
00000000
00000000
00000000
00000000
00000000
00000000
00000000
00000000
00000000
00000000
00000000
00000000
00000000
00000000
00000000
00000000
00000000
00000000
00000000
00000000
00000000
00000000
00000000
00000000
00000000
00000000
00000000
00000000
00000000
00000000
00000000
00000000
00000000
00000000
00000000
00000000
00000000
00000000
00000000
00000000
00000000
00000000
00000000
00000000
00000000
00000000
00000000
00000000
00000000
00000000
00000000
00000000
00000000
00000000
00000000
00000000
00000000
00000000
00000000
00000000
00000000
00000000
00000000
00000000
00000000
00000000
00000000
00000000
00000000
00000000
00000000
00000000
00000000
00000000
00000000
00000000
00000000
00000000
00000000
00000000
00000000
00000000
00000000
00000000
00000000
00000000
00000000
00000000
00000000
00000000
00000000
00000000
00000000
00000000
00000000
00000000
00000000
00000000
00000000
00000000
00000000
00000000
00000000
00000000
00000000
00000000
00000000
00000000
00000000
00000000
00000000
00000000
00000000
00000000
00000000
00000000
00000000
00000000
00000000
00000000
00000000
00000000
00000000
00000000
00000000
00000000
00000000
00000000
00000000
00000000
00000000
00000000
00000000
00000000
00000000
00000000
00000000
00000000
00000000
00000000
00000000
00000000
00000000
00000000
00000000
00000000
00000000
00000000
00000000
00000000
00000000
00000000
00000000
00000000
00000000
00000000
00000000
00000000
00000000
00000000
00000000
00000000
00000000
00000000
00000000
00000000
00000000
00000000
00000000
00000000
00000000
00000000
00000000
00000000
00000000
00000000
00000000
00000000
00000000
00000000
00000000
00000000
00000000
00000000
00000000
00000000
00000000
00000000
00000000
00000000
00000000
00000000
00000000
00000000
00000000
00000000
00000000
00000000
00000000
00000000
00000000
00000000
00000000
00000000
00000000
00000000
00000000
00000000
00000000
00000000
00000000
00000000
00000000
00000000
00000000
00000000
00000000
00000000
00000000
00000000
00000000
00000000
00000000
00000000
00000000
00000000
00000000
00000000
00000000
00000000
00000000
00000000
00000000
00000000
00000000
00000000
00000000
00000000
00000000
00000000
00000000
00000000
00000000
00000000
00000000
00000000
00000000
00000000
00000000
00000000
00000000
00000000
00000000
00000000
00000000
00000000
00000000
00000000
00000000
00000000
00000000
00000000
00000000
00000000
00000000
00000000
00000000
00000000
00000000
00000000
00000000
00000000
00000000
00000000
00000000
00000000
00000000
00000000
00000000
00000000
00000000
00000000
00000000
00000000
00000000
00000000
00000000
00000000
00000000
00000000
00000000
00000000
00000000
00000000
00000000
00000000
00000000
00000000
00000000
00000000
00000000
00000000
00000000
00000000
00000000
00000000
00000000
00000000
00000000
00000000
00000000
00000000
00000000
00000000
00000000
00000000
00000000
00000000
00000000
00000000
00000000
00000000
00000000
00000000
00000000
00000000
00000000
00000000
00000000
00000000
00000000
00000000
00000000
00000000
00000000
00000000
00000000
00000000
00000000
00000000
00000000
00000000
00000000
00000000
00000000
00000000
00000000
00000000
00000000
00000000
00000000
00000000
00000000
00000000
00000000
00000000
00000000
00000000
00000000
00000000
00000000
00000000
00000000
00000000
00000000
00000000
00000000
00000000
00000000
00000000
00000000
00000000
00000000
00000000
00000000
00000000
00000000
00000000
00000000
00000000
00000000
00000000
00000000
00000000
00000000
00000000
00000000
00000000
00000000
00000000
00000000
00000000
00000000
00000000
00000000
00000000
00000000
00000000
00000000
00000000
00000000
00000000
00000000
00000000
00000000
00000000
00000000
00000000
00000000
00000000
00000000
00000000
00000000
00000000
00000000
00000000
00000000
00000000
00000000
00000000
00000000
00000000
00000000
00000000
00000000
00000000
00000000
00000000
00000000
00000000
00000000
00000000
00000000
00000000
00000000
00000000
00000000
00000000
00000000
00000000
00000000
00000000
00000000
00000000
00000000
00000000
00000000
00000000
00000000
00000000
00000000
00000000
00000000
00000000
00000000
00000000
00000000
00000000
00000000
00000000
00000000
00000000
00000000
00000000
00000000
00000000
00000000
00000000
00000000
00000000
00000000
00000000
00000000
00000000
00000000
00000000
00000000
00000000
00000000
00000000
00000000
00000000
00000000
00000000
00000000
00000000
00000000
00000000
00000000
00000000
00000000
00000000
00000000
00000000
00000000
00000000
00000000
00000000
00000000
00000000
00000000
00000000
00000000
00000000
00000000
00000000
00000000
00000000
00000000
00000000
00000000
00000000
00000000
00000000
00000000
00000000
00000000
00000000
00000000
deadbeef
deadbeef
deadbeef
deadbeef
deadbeef
deadbeef
deadbeef
deadbeef
deadbeef
deadbeef
00000000
00000000
00000000
00000000
00000000
00000000
00000000
00000000
00000000
00000000
00000000
00000000
00000000
00000000
00000000
00000000
00000000
00000000
00000000
00000000
00000000
00000000
00000000
00000000
