00000d13
00000d93
00200193
00000093
0100026f
00000013
00000013
0400006f
00000117
ff410113
02411a63
00100093
0140006f
00108093
00108093
00108093
00108093
00108093
00108093
00300e93
00300193
01d09463
00301863
00100d13
00000d93
0000006f
00100d13
00100d93
0000006f
00000000
00000000
00000000
00000000
00000000
00000000
00000000
00000000
00000000
00000000
00000000
00000000
00000000
00000000
00000000
00000000
00000000
00000000
00000000
00000000
00000000
00000000
00000000
00000000
00000000
00000000
00000000
00000000
00000000
00000000
00000000
00000000
00000000
00000000
00000000
00000000
00000000
