_C_12851_660ec0a2_13 84 0 40 0 0 0 0 0 
_C_12851_660ec0a2_10 84 0 40 0 0 ffffffff 0 ffffffff 
_C_12851_660ec0a2_49 84 0 40 0 0 1 0 0 
_C_12851_660ec0a2_48 84 0 80 0 0 0 0 0 0 0 0 0 
_C_12851_660ec0a2_4a 84 0 80 0 0 1 0 0 0 0 0 0 
_C_12851_660ec0a2_24 94 0 20 0 0 7f 
_C_12851_660ec0a2_35 8c 0 190 0 0 7e7e7e7e 0 7e7e7e7e 0 23237e7e 0 23232323 0 20202020 0 20202023 0 20232020 0 23202020 0 20202020 0 23202020 0 7e7e7e7e 0 7e7e7e7e 0 7e7e 
_C_12851_660ec0a2_11 94 0 40 0 0 1 0 0 
_C_12851_660ec0a2_12 94 0 80 0 0 1 0 0 0 0 0 0 
_C_12851_660ec0a2_38 8c 0 70 0 0 66736462 0 534f432e 0 5343565f 0 5249 
_C_12851_660ec0a2_1a 94 0 20 0 0 105 
_C_12851_660ec0a2_1d 94 0 20 0 0 106 
_C_12851_660ec0a2_21 94 0 20 0 0 85 
_C_12851_660ec0a2_19 94 0 20 0 0 107 
_C_12851_660ec0a2_23 94 0 20 0 0 86 
_C_12851_660ec0a2_1b 94 0 20 0 0 100 
_C_12851_660ec0a2_20 94 0 20 0 0 87 
_C_12851_660ec0a2_a 94 0 20 0 0 40 
_C_12851_660ec0a2_22 94 0 20 0 0 80 
_C_12851_660ec0a2_1e 94 0 20 0 0 ff 
_C_12851_660ec0a2_37 8c 0 c8 0 0 73202568 0 75652069 0 2076616c 0 73746572 0 72656769 0 25326420 0 78 
_C_12851_660ec0a2_3e 84 0 a 0 0 19e 
_C_12851_660ec0a2_33 8c 0 190 0 0 7e7e7e7e 0 7e7e7e7e 0 20207e7e 0 23202020 0 20202020 0 20202023 0 23232020 0 23232323 0 20202020 0 23202020 0 7e7e7e7e 0 7e7e7e7e 0 7e7e 
_C_12851_660ec0a2_32 8c 0 190 0 0 7e7e7e7e 0 7e7e7e7e 0 20207e7e 0 23202020 0 20202020 0 20202023 0 20232020 0 23202020 0 23202020 0 23232323 0 7e7e7e7e 0 7e7e7e7e 0 7e7e 
_C_12851_660ec0a2_3d 84 0 a 0 0 19f 
_C_12851_660ec0a2_47 84 0 a 0 0 19c 
_C_12851_660ec0a2_46 84 0 a 0 0 19d 
_C_12851_660ec0a2_41 84 0 a 0 0 19a 
_C_12851_660ec0a2_40 84 0 a 0 0 19b 
_C_12851_660ec0a2_43 84 0 a 0 0 198 
_C_12851_660ec0a2_25 8c 0 1c8 0 0 2e747874 0 2d616464 0 75692d70 0 72763634 0 7465642f 0 6e657261 0 742f6765 0 2f746573 0 5f637075 0 72697363 0 746f702f 0 4465736b 0 2f49432f 0 686f6d65 0 2f 
_C_12851_660ec0a2_42 84 0 a 0 0 199 
_C_12851_660ec0a2_2e 8c 0 190 0 0 7e7e7e7e 0 7e7e7e7e 0 7e7e7e7e 0 7e7e7e7e 0 7e7e7e7e 0 41494c20 0 53545f46 0 7e205445 0 7e7e7e7e 0 7e7e7e7e 0 7e7e7e7e 0 7e7e7e7e 0 7e7e 
_C_12851_660ec0a2_2a 8c 0 188 0 0 7e7e7e7e 0 7e7e7e7e 0 2323207e 0 20202323 0 23232020 0 20202323 0 20202320 0 20232020 0 20202320 0 20232020 0 7e7e7e7e 0 7e7e7e7e 0 7e 
_C_12851_660ec0a2_29 8c 0 188 0 0 7e7e7e7e 0 7e7e7e7e 0 2020207e 0 20232020 0 20202020 0 20232020 0 20232020 0 20202320 0 20202320 0 20232020 0 7e7e7e7e 0 7e7e7e7e 0 7e 
_C_12851_660ec0a2_34 8c 0 190 0 0 7e7e7e7e 0 7e7e7e7e 0 20207e7e 0 23202020 0 20202020 0 20202023 0 20232020 0 23202020 0 20202020 0 23202020 0 7e7e7e7e 0 7e7e7e7e 0 7e7e 
_C_12851_660ec0a2_31 8c 0 190 0 0 7e7e7e7e 0 7e7e7e7e 0 20207e7e 0 23202020 0 20202020 0 20202023 0 23202020 0 20232020 0 20202020 0 23202020 0 7e7e7e7e 0 7e7e7e7e 0 7e7e 
_C_12851_660ec0a2_36 8c 0 90 0 0 20253264 0 756d203d 0 6573746e 0 696c2074 0 6661 
_C_12851_660ec0a2_9 84 0 5 0 0 1 
_C_12851_660ec0a2_3 84 0 4 0 0 1 
_C_12851_660ec0a2_1 84 0 4 0 0 2 
_C_12851_660ec0a2_6 84 0 5 0 0 2 
_C_12851_660ec0a2_4 84 0 4 0 0 4 
_C_12851_660ec0a2_7 84 0 5 0 0 4 
_C_12851_660ec0a2_4b 84 0 20 0 0 ffffffff 
_C_12851_660ec0a2_2 84 0 4 0 0 8 
_C_12851_660ec0a2_5 84 0 5 0 0 8 
_C_12851_660ec0a2_3b 84 0 a 0 0 1de 
_C_12851_660ec0a2_3c 84 0 a 0 0 1df 
_C_12851_660ec0a2_44 84 0 a 0 0 1dc 
_C_12851_660ec0a2_8 84 0 5 0 0 10 
_C_12851_660ec0a2_45 84 0 a 0 0 1dd 
_C_12851_660ec0a2_b 94 0 20 0 0 20 
_C_12851_660ec0a2_3f 84 0 a 0 0 1d8 
_C_12851_660ec0a2_30 8c 0 190 0 0 7e7e7e7e 0 7e7e7e7e 0 20207e7e 0 23202020 0 20202020 0 20202023 0 20202020 0 20202323 0 23232020 0 23232323 0 7e7e7e7e 0 7e7e7e7e 0 7e7e 
_C_12851_660ec0a2_2d 8c 0 188 0 0 7e7e7e7e 0 7e7e7e7e 0 2323207e 0 20202323 0 23232020 0 20202323 0 20202320 0 20232020 0 20202020 0 20232020 0 7e7e7e7e 0 7e7e7e7e 0 7e 
_C_12851_660ec0a2_2c 8c 0 188 0 0 7e7e7e7e 0 7e7e7e7e 0 2020237e 0 20232020 0 20202320 0 20232020 0 20202320 0 20232020 0 20202020 0 20232020 0 7e7e7e7e 0 7e7e7e7e 0 7e 
_C_12851_660ec0a2_2b 8c 0 188 0 0 7e7e7e7e 0 7e7e7e7e 0 2020237e 0 20202020 0 20202320 0 20202020 0 23232320 0 20232323 0 23232020 0 20232323 0 7e7e7e7e 0 7e7e7e7e 0 7e 
_C_12851_660ec0a2_28 8c 0 188 0 0 7e7e7e7e 0 7e7e7e7e 0 2323207e 0 20202323 0 23232020 0 20202323 0 23202020 0 20202023 0 23232020 0 20232323 0 7e7e7e7e 0 7e7e7e7e 0 7e 
_C_12851_660ec0a2_e 84 0 20 0 0 0 
_C_12851_660ec0a2_3a 8c 0 128 0 0 652f6462 0 65726167 0 2f636f76 0 736e7073 0 7664622f 0 696f6e2e 0 69636174 0 65726966 0 70755f76 0 63 
_C_12851_660ec0a2_26 8c 0 188 0 0 7e7e7e7e 0 7e7e7e7e 0 7e7e7e7e 0 7e7e7e7e 0 207e7e7e 0 50415353 0 4553545f 0 7e7e2054 0 7e7e7e7e 0 7e7e7e7e 0 7e7e7e7e 0 7e7e7e7e 0 7e 
_C_12851_660ec0a2_c 94 0 20 0 0 5 
_C_12851_660ec0a2_1c 94 0 20 0 0 0 
_C_12851_660ec0a2_16 84 0 30 0 0 0 0 0 
_C_12851_660ec0a2_d 94 0 20 0 0 1 
_C_12851_660ec0a2_1f 94 0 20 0 0 2 
_C_12851_660ec0a2_18 94 0 20 0 0 3 
_C_12851_660ec0a2_27 8c 0 188 0 0 7e7e7e7e 0 7e7e7e7e 0 7e7e7e7e 0 7e7e7e7e 0 7e7e7e7e 0 7e7e7e7e 0 7e7e7e7e 0 7e7e7e7e 0 7e7e7e7e 0 7e7e7e7e 0 7e7e7e7e 0 7e7e7e7e 0 7e 
_C_12851_660ec0a2_2f 8c 0 190 0 0 7e7e7e7e 0 7e7e7e7e 0 7e7e7e7e 0 7e7e7e7e 0 7e7e7e7e 0 7e7e7e7e 0 7e7e7e7e 0 7e7e7e7e 0 7e7e7e7e 0 7e7e7e7e 0 7e7e7e7e 0 7e7e7e7e 0 7e7e 
_C_12851_660ec0a2_15 84 0 38 0 0 0 0 0 
_C_12851_660ec0a2_14 84 0 3a 0 0 0 0 0 
_C_12851_660ec0a2_f 84 0 3b 0 0 0 0 0 
_C_12851_660ec0a2_17 84 0 40 0 0 4 0 0 
_C_13434_660ec3d4_1 8c 0 1d0 0 0 2e747874 0 61646469 0 692d702d 0 76363475 0 65642f72 0 65726174 0 2f67656e 0 74657374 0 6370752f 0 6973635f 0 6f702f72 0 65736b74 0 49432f44 0 6f6d652f 0 2f68 
