_C_708b_660f84d1_1a 94 0 20 0 0 7f 
_C_708b_660f84d1_a 8c 0 70 0 0 66736462 0 534f432e 0 5343565f 0 5249 
_C_708b_660f84d1_13 94 0 20 0 0 105 
_C_708b_660f84d1_15 94 0 20 0 0 106 
_C_708b_660f84d1_12 94 0 20 0 0 107 
_C_708b_660f84d1_10 94 0 20 0 0 85 
_C_708b_660f84d1_19 94 0 20 0 0 86 
_C_708b_660f84d1_14 94 0 20 0 0 100 
_C_708b_660f84d1_f 94 0 20 0 0 87 
_C_708b_660f84d1_11 94 0 20 0 0 80 
_C_708b_660f84d1_17 94 0 20 0 0 ff 
_C_708b_660f84d1_1 8c 0 1c8 0 0 2e747874 0 2d616464 0 75692d70 0 72763634 0 7465642f 0 6e657261 0 742f6765 0 2f746573 0 5f637075 0 72697363 0 746f702f 0 4465736b 0 2f49432f 0 686f6d65 0 2f 
_C_708b_660f84d1_6 8c 0 188 0 0 7e7e7e7e 0 7e7e7e7e 0 2323207e 0 20202323 0 23232020 0 20202323 0 20202320 0 20232020 0 20202320 0 20232020 0 7e7e7e7e 0 7e7e7e7e 0 7e 
_C_708b_660f84d1_5 8c 0 188 0 0 7e7e7e7e 0 7e7e7e7e 0 2020207e 0 20232020 0 20202020 0 20232020 0 20232020 0 20202320 0 20202320 0 20232020 0 7e7e7e7e 0 7e7e7e7e 0 7e 
_C_708b_660f84d1_1b 84 0 2 0 0 0 
_C_708b_660f84d1_9 8c 0 188 0 0 7e7e7e7e 0 7e7e7e7e 0 2323207e 0 20202323 0 23232020 0 20202323 0 20202320 0 20232020 0 20202020 0 20232020 0 7e7e7e7e 0 7e7e7e7e 0 7e 
_C_708b_660f84d1_8 8c 0 188 0 0 7e7e7e7e 0 7e7e7e7e 0 2020237e 0 20232020 0 20202320 0 20232020 0 20202320 0 20232020 0 20202020 0 20232020 0 7e7e7e7e 0 7e7e7e7e 0 7e 
_C_708b_660f84d1_7 8c 0 188 0 0 7e7e7e7e 0 7e7e7e7e 0 2020237e 0 20202020 0 20202320 0 20202020 0 23232320 0 20232323 0 23232020 0 20232323 0 7e7e7e7e 0 7e7e7e7e 0 7e 
_C_708b_660f84d1_4 8c 0 188 0 0 7e7e7e7e 0 7e7e7e7e 0 2323207e 0 20202323 0 23232020 0 20202323 0 23202020 0 20202023 0 23232020 0 20232323 0 7e7e7e7e 0 7e7e7e7e 0 7e 
_C_708b_660f84d1_d 8c 0 128 0 0 652f6462 0 65726167 0 2f636f76 0 736e7073 0 7664622f 0 696f6e2e 0 69636174 0 65726966 0 70755f76 0 63 
_C_708b_660f84d1_2 8c 0 188 0 0 7e7e7e7e 0 7e7e7e7e 0 7e7e7e7e 0 7e7e7e7e 0 207e7e7e 0 50415353 0 4553545f 0 7e7e2054 0 7e7e7e7e 0 7e7e7e7e 0 7e7e7e7e 0 7e7e7e7e 0 7e 
_C_708b_660f84d1_b 94 0 20 0 0 0 
_C_708b_660f84d1_16 94 0 20 0 0 1 
_C_708b_660f84d1_18 94 0 20 0 0 2 
_C_708b_660f84d1_e 94 0 20 0 0 3 
_C_708b_660f84d1_3 8c 0 188 0 0 7e7e7e7e 0 7e7e7e7e 0 7e7e7e7e 0 7e7e7e7e 0 7e7e7e7e 0 7e7e7e7e 0 7e7e7e7e 0 7e7e7e7e 0 7e7e7e7e 0 7e7e7e7e 0 7e7e7e7e 0 7e7e7e7e 0 7e 
